8
NC_076998_ref                  0.0000000 0.0087791 0.0106380 0.0102634 0.0105720 0.0094155 0.0097310 0.0093649 
elementary-school-004-20250901 0.0087791 0.0000000 0.0007461 0.0002909 0.0002434 0.0038524 0.0050254 0.0041951 
elementary-school-004-20250915 0.0106380 0.0007461 0.0000000 0.0004058 0.0007307 0.0035889 0.0039595 0.0045204 
elementary-school-004-20250922 0.0102634 0.0002909 0.0004058 0.0000000 0.0005520 0.0040815 0.0048955 0.0051083 
elementary-school-004-20250929 0.0105720 0.0002434 0.0007307 0.0005520 0.0000000 0.0047461 0.0056309 0.0061362 
high-school-001-20250901       0.0094155 0.0038524 0.0035889 0.0040815 0.0047461 0.0000000 0.0004979 0.0005883 
high-school-001-20250915       0.0097310 0.0050254 0.0039595 0.0048955 0.0056309 0.0004979 0.0000000 0.0012928 
high-school-001-20250929       0.0093649 0.0041951 0.0045204 0.0051083 0.0061362 0.0005883 0.0012928 0.0000000 
